   IJL         0 10398568 10398432         0         0        0         0
   IJO  10007584        0        0  10726944  10982636    24931  11202480
   IJS  10515396        0        0  10696580  11120568    25863  15156723
   IJT     12349      932        0     20038     24698        0     17242
   IJZ  10804226        0        0  10957248  11818226     6524  12647493
   ILO  10006160        0        0  10726656  11202754    24232  10981252
   ILS  10803378        0        0  10954972  12631499     6291  11823071
   ILT     12349        0      932     20038     16077        0     24232
   ILZ  10505420        0        0  10696480  15162554    26096  11117844
   IOS     35472 10849732 11177734     11184    279075    12116     28760
   IOT     12582    28426    26795      9320     12815    16543     13281
   IOZ     35448 11178080 10848064     11184     28764    12582    278935
   IST     26096    24232    15844      2330    165630        0    157157
   ISZ     13980 11647222 11653843         0   1200974   212764   1199890
   ITZ     26096    17242    24698      2330    157161        0    165638
   JLO         0 10558368 10558584         0         0     1864         0
   JLS         0 10843520 10800752         0       233     1864         0
   JLT         0    23300    23300      2796      1864        0      1864
   JLZ         0 10801604 10843376         0         0     1864       233
   JOS  10955656        0        0 116135116  61090396    63130  30380699
   JOT     24931     2563     1398    102054     81181        0     56127
   JOZ  11061464        0        0  78420326  30380260    51577 179779748
   JST     19805     1864        0     57784    208716        0     85718
   JSZ  15225615        0        0  27413735 140479460    50781 178002735
   JTZ     17242        0      932     33552     91530        0    362698
   LOS  11060720        0        0  78418086 178739665    51597  30377899
   LOT     23999     1398     2563    102054     56143        0     80715
   LOZ  10955776        0        0 116133036  30378156    61033  61130329
   LST     16776      932        0     33552    363903        0     90843
   LSZ  15227702        0        0  27411224 171629324    51946  81066019
   LTZ     20038        0     1864     57318     87594        0    212088
   OST      8621    74657    61150    393198    590116    29715    800057
   OSZ     20244 19512102 19511239    799564   5065103   860156   5071639
   OTZ      8621    61130    73958    393166    800081    29719    590300
   STZ    148454    96423    93643    564792    997153    45248    996773
  null       233      813      809      2623      7162        0      7165
  IJLO         0        0        0         0         0        0         0
  IJLS         0        0        0         0        16        0       115
  IJLT         0        0        0         0         0        0         0
  IJLZ         0        0        0         0       113        0        16
  IJOS         5        0        0        20       645        0      1285
  IJOT         0        0        0         0         0        0         0
  IJOZ         4       40        0       303      1187        0       803
  IJST         0        0        0         0         0        0         0
  IJSZ       312        0       16      1167      2542        0      2652
  IJTZ         0        0        0         0         0        0         0
  ILOS         4        0       41       303       801        0      1188
  ILOT         0        0        0         0         0        0         0
  ILOZ         5        0        0        20      1283        0       646
  ILST         0        0        0         0         0        0         0
  ILSZ       322       18        0      1167      2640        0      2542
  ILTZ         0        0        0         0         0        0         0
  IOST         0        0        0         0         0        0         0
  IOSZ      7312      771      768      8372      8517        0      8517
  IOTZ         0        0        0         0         0        0         0
  ISTZ         0        0        0         0         0        0         0
  JLOS         0        0       40       252       693        0       335
  JLOT         0        0        0         0         0        0         0
  JLOZ         0       40        0       252       335        0       695
  JLST         0        0        0         0         0        0         0
  JLSZ       112       16       16        86      1399        0      1399
  JLTZ         0        0        0         0         0        0         0
  JOST         0        0        0         0         0        0         0
  JOSZ      1302      411      298      5137      9536        0      6964
  JOTZ         0        0        0         0         0        0         0
  JSTZ         0        0        0         0         0        0         0
  LOST         0        0        0         0         0        0         0
  LOSZ      1302      298      418      5201      6964        0      9502
  LOTZ         0        0        0         0         0        0         0
  LSTZ         0        0        0         0         0        0         0
  OSTZ         0        0        0        32         6        0         6
     I  28474473 27180665 27171863  28470254  34885179 23167272  34891802
     J  27180665 28196395 28424876  28122070  39440314 23076745  41952353
     L  27171863 28424876 28193428  28105376  41770671 23073472  39368800
     O  28470254 28122070 28105376  37546911  45748992 23515198  45731512
     S  34885179 39440314 41770671  45748992 265272682 24551112 224724915
     T  23167272 23076745 23073472  23515198  24551112 29412127  24516806
     Z  34891802 41952353 39368800  45731512 224724915 24516806 265713652
 IJLOS       830      137      151      1869      5864       35      7764
 IJLOT         0        0        0         0         9        0         8
 IJLOZ       832      145      135      1857      7750       39      5864
 IJLST         0        0        0         3         0        0         3
 IJLSZ      3344      119      119      6514     11067       52     11112
 IJLTZ         0        0        0         3         3        0         0
 IJOST         0        6       23         0        28        1       189
 IJOSZ      5450     8988     7942      9395     23271      426     15575
 IJOTZ         0       62       25         0       257        0       104
 IJSTZ         0       82       39        50       259        0        63
 ILOST         0       20       58         0       104        0       258
 ILOSZ      5439     7901     8987      9389     15556      425     23256
 ILOTZ         0       29        6         0       188        1        30
 ILSTZ         0       39       80        48        62        0       257
 IOSTZ      3226       93       91      5178      5532      370      5516
 JLOST         0        0        0        24       139        0       228
 JLOSZ      8135     1524     1524     14382     35220     1029     35206
 JLOTZ         0        0        0        24       139        0       228
 JLSTZ         4        0        0       160       131        0       133
 JOSTZ       175      452      828       664      2271       64      1072
 LOSTZ       178      827      454       664      1072       64      2267
    IJ  68912403 92103195 92009940  69595502  71727845 60566445  73213418
    IL  68921083 92010127 92104835  69596605  73226100 60564871  71717285
    IO  93144695 69751138 69753968  94896722  95387480 64505166  95390602
    IS  97180250 71546359 73092931  95268275 101300868 67585101 100842912
    IT  62238378 60565962 60564832  64268765  67182535 60836912  67224861
    IZ  97184893 73080240 71537878  95271667 100843110 67597821 101333629
    JL  91961507 69494675 69494198  92617960  92801607 63860178  92800505
    JO  69779304 92956226 92624010  73185211  76193154 62811640  78313984
    JS  71703704 92684817 92779734  75467616  82010295 64798930  80189107
    JT  60137581 63549277 63776811  62586012  64579315 61837778  66304548
    JZ  72953822 94056115 92709392  77959394  80099739 66095741  89660874
    LO  69784613 92624162 92955169  73182352  78312148 62813879  76134528
    LS  72965153 92712781 93951135  77957370  89671588 66114052  80050985
    LT  60137925 63774991 63556054  62578772  66312161 61832248  64568437
    LZ  71691593 92777557 92691422  75375670  80153973 64790022  81998787
    OS  95360107 76117886 78277794 101957288 104548790 70091335 106940166
    OT  64477397 62537120 62545133  69937262  70053337 61491384  70008446
    OZ  95363575 78280516 76053460 101949414 106939611 70041129 104540408
    ST  67270098 64004757 65819749  69626684  86094926 64820491  74400725
    SZ 100744308 79514600 79485618 106635579 110313034 75044654 110317918
    TZ  67287946 65815107 64000359  69576435  74398069 64820924  86060468
IJLOST        24       68       82       109       668        0      1238
IJLOSZ     14883    14329    14273     24412     52796     4039     52734
IJLOTZ        23       82       71       108      1225        0       674
IJLSTZ        24      130      130      1118      1016        0      1015
IJOSTZ      2502     2776     2526      4743     13216      496      8675
ILOSTZ      2498     2530     2709      4741      8653      491     13266
JLOSTZ      1216     1488     1488      3712      4729       24      4727
